0.000000
0.000601
0.000105
0.003661
0.004914
0.000679
0.000022
0.001915
0.000168
0.000058
0.001064
0.000619
0.000305
0.000041
0.000089
0.000038
0.006696
0.000269
0.000022
0.009600
0.001519
0.000429
0.000158
0.010483
0.004357
0.027109
0.006704
0.145660
0.000337
0.000271
0.000020
0.000186
0.000144
0.000899
0.010661
0.000653
0.000339
0.001522
0.231261
0.000234
0.001105
0.000018
0.004292
0.004124
0.000480
0.020606
0.000068
0.000127
0.000164
0.001072
0.000194
0.000341
0.000416
0.000098
0.000365
0.000036
0.000448
0.002700
0.000275
0.000243
0.000495
0.000868
0.000013
0.002594
0.003790
0.137842
0.000380
0.000718
0.002286
0.000829
0.000017
0.003242
0.000806
0.000932
0.003207
0.001305
0.000023
0.001053
0.000479
0.001113
0.000068
0.002234
0.000036
0.058861
0.005352
0.019990
0.001841
0.003137
0.001172
0.029307
0.014505
0.057005
0.000127
0.000078
0.019448
0.035853
0.001489
0.000347
0.000273
0.001139
0.000248
0.001439
0.009031
0.000132
0.001702
0.000582
0.000019
0.006026
0.000026
0.008358
0.000483
0.000397
0.000606
0.002074
0.001650
0.024770
0.000068
0.000541
0.000056
0.000435
0.000073
0.000177
0.000381
0.000120
0.001950
0.000117
0.004730
0.000034
0.000666
0.000321
0.003740
0.000072
0.000015
0.003335
0.000049
0.000103
0.000031
0.000044
0.000161
